5
0 1 2 3 4 
5 6 7 8 9 10 11 12 13 14 8 15 14 16 17 18 19 20 8 21 12 22 23 24 25 26 18 26 27 21 28 29 30 31 7 32 0 33 14 12 3 24 34 14 35 27 2 36 
37 38 14 39 40 0 41 42 43 26 27 21 28 11 44 45 46 47 48 49 50 3 12 19 51 
39 52 53 54 23 55 56 57 
58 59 23 60 61 26 62 57 63 8 64 
6
0 1 2 
44 65 33 66 27 3 21 14 67 68 69 24 44 70 12 14 4 12 71 66 7 32 0 41 40 8 72 4 26 73 8 74 70 75 76 14 77 
8 78 79 22 29 80 8 81 82 39 83 54 84 85 86 
39 87 27 88 89 21 14 90 91 39 92 93 7 8 21 
8 94 95 
39 96 23 62 97 98 
3
0 4 1 27 2 99 26 100 70 101 102 21 14 35 27 103 104 26 8 105 54 23 40 57 7 8 106 107 
8 36 108 109 110 111 14 27 112 32 113 59 114 115 116 117 32 118 39 40 7 37 21 
11 39 119 57 39 59 23 60 118 8 21 53 104 120 115 121 
1
122 22 27 2 123 124 125 109 12 126 124 127 27 2 128 129 
3
122 130 131 22 132 124 133 107 12 27 134 135 120 136 
137 39 138 12 42 139 
140 141 142 143 144 109 27 145 146 
3
122 7 22 48 147 125 147 8 148 130 149 14 22 150 151 14 152 
153 154 
39 59 155 7 109 110 156 157 14 12 22 158 159 27 160 63 8 21 14 63 37 161 
4
39 40 122 162 109 156 11 39 163 164 165 66 166 167 168 
12 169 33 170 11 171 26 172 27 173 174 
44 175 176 12 63 102 177 26 178 12 22 162 69 40 8 179 180 
181 99 12 22 173 126 14 182 183 184 116 39 185 
9
11 37 38 186 122 147 27 187 
39 188 189 12 101 190 
12 22 191 14 162 14 44 175 192 12 63 102 193 69 63 8 194 195 63 8 21 
196 102 197 198 33 44 199 40 12 26 87 200 
48 201 
8 162 202 22 124 203 
39 204 122 126 205 8 206 14 207 126 1 124 208 
39 209 53 210 211 51 212 213 8 214 215 216 
12 217 115 8 72 218 147 219 220 7 27 221 222 
1
63 223 122 22 8 224 128 26 225 226 227 109 162 14 26 45 228 69 229 
7
59 40 8 230 231 232 39 204 27 233 39 234 8 235 231 236 237 14 238 12 33 
12 22 124 208 239 14 176 240 241 242 230 
8 243 22 25 26 244 245 246 14 12 22 124 247 248 
39 204 12 249 242 8 230 250 44 251 35 8 252 253 63 26 254 12 
255 199 45 12 
8 230 222 23 256 232 257 258 259 260 
19 261 262 39 50 263 264 8 235 231 63 8 140 
6
196 39 199 265 12 39 155 18 7 109 266 32 37 267 268 
269 39 270 185 27 271 69 272 69 273 82 274 8 275 275 22 276 8 94 277 39 245 278 26 279 14 280 
127 281 282 283 284 33 285 280 69 286 27 287 41 63 288 289 69 290 
8 291 292 22 2 109 293 294 295 279 
14 8 296 297 283 115 298 299 300 14 301 
7 261 39 155 302 84 22 60 132 283 109 115 22 26 303 304 305 306 307 308 309 8 287 24 84 44 54 23 310 12 63 8 17 311 312 83 263 304 313 69 314 315 316 33 41 196 44 317 8 275 275 200 318 
2
39 319 122 320 32 277 11 12 183 7 321 
8 322 22 323 82 109 12 146 12 22 324 27 325 326 26 264 
4
196 39 327 328 322 277 39 50 329 109 12 
196 39 327 212 330 14 331 26 40 11 8 332 32 37 277 1 63 333 122 22 334 
39 335 39 312 40 336 337 338 20 27 156 109 244 8 339 14 340 8 341 342 109 343 344 122 222 124 191 
210 23 40 109 345 346 82 109 8 347 40 12 334 
1
122 348 22 24 2 24 66 8 146 12 27 2 349 14 24 350 351 8 352 14 63 37 21 
3
39 353 122 147 27 354 11 39 319 8 355 356 357 358 105 359 360 243 361 7 27 362 27 363 364 365 
8 366 169 2 109 367 33 27 368 369 32 37 352 26 263 370 371 372 373 374 375 
39 376 59 27 377 378 66 8 379 14 380 381 120 382 383 48 171 26 192 384 32 8 381 82 157 59 261 19 335 33 14 12 169 2 
2
39 183 27 377 385 386 32 8 387 80 379 244 82 388 84 389 183 390 
122 183 25 26 391 392 14 8 224 393 39 199 59 139 
3
8 394 22 27 377 152 395 242 27 396 397 82 222 23 398 399 
39 59 40 12 27 233 54 304 400 401 402 403 404 405 258 373 406 407 14 408 409 410 77 
12 376 27 2 411 
3
412 26 413 26 263 414 
128 183 415 147 416 
199 417 114 109 249 418 
4
8 94 419 183 8 277 420 63 27 421 195 422 242 27 423 424 425 426 109 427 26 14 101 8 411 
382 40 428 26 263 184 116 39 429 101 430 
8 277 22 208 431 26 283 432 433 402 434 435 1 240 436 242 372 82 162 431 26 437 109 438 40 
439 440 441 
2
442 122 128 183 124 25 14 12 443 444 
445 446 353 27 447 26 40 12 26 402 448 109 449 450 445 1 451 51 12 402 8 411 63 
5
12 22 8 224 366 84 39 59 452 40 
39 453 40 26 40 454 366 14 455 366 
456 8 457 366 22 458 
39 453 40 122 26 402 459 408 77 14 208 404 
8 460 32 122 366 22 461 
3
25 26 40 14 462 463 464 
39 40 12 26 465 304 173 459 14 12 402 466 467 468 66 325 95 
12 222 23 469 147 240 27 470 366 14 24 12 22 25 26 471 11 472 27 473 40 7 474 26 402 8 468 
5
27 377 475 7 476 82 39 96 23 477 478 12 376 23 479 115 480 82 8 481 7 8 482 277 39 319 483 484 485 481 120 486 487 69 475 
191 84 12 488 66 489 490 32 491 379 
492 493 494 430 56 19 495 277 63 496 
329 27 377 241 14 18 27 497 
498 499 500 397 501 63 8 40 
10
39 442 122 502 503 42 504 463 79 7 463 505 502 
39 251 506 84 12 22 54 489 458 411 122 507 
445 59 463 508 459 14 39 183 509 80 510 122 507 
8 502 22 476 431 26 511 512 35 513 27 514 
12 515 516 75 8 517 518 87 14 290 87 
8 503 369 169 34 14 39 453 519 26 59 8 408 520 379 147 39 347 503 51 173 521 522 14 523 524 525 66 33 526 26 8 379 24 527 
8 528 529 530 263 531 66 532 35 82 39 62 8 533 69 324 534 35 94 528 26 27 529 324 23 493 39 27 40 8 35 109 528 14 535 536 
39 59 23 155 27 537 95 66 8 379 
12 22 27 377 538 54 23 539 540 12 541 26 27 542 7 14 543 544 14 27 134 208 545 8 546 22 547 82 84 22 8 548 32 549 510 
39 453 550 551 52 12 169 34 71 8 16 
4
39 319 122 147 27 502 39 54 23 552 7 40 8 482 553 
8 393 22 124 476 241 242 37 554 542 502 
8 499 175 263 27 555 82 122 22 8 146 44 329 109 23 59 26 264 542 14 263 61 26 516 33 102 556 557 8 558 
274 39 132 204 8 559 32 40 14 12 22 560 476 
13
42 27 68 32 561 474 562 502 7 8 563 564 39 420 26 8 565 84 122 22 8 224 474 502 566 199 264 
39 59 567 40 568 474 502 63 37 569 24 39 175 23 541 26 570 568 502 82 39 251 506 39 453 324 124 203 
24 39 571 26 572 51 8 573 14 245 8 122 502 33 109 27 574 87 
39 199 23 575 8 576 32 476 122 577 462 
39 578 12 309 37 579 580 14 
39 155 23 138 540 463 35 259 581 343 37 582 101 108 156 
39 583 122 261 183 516 33 584 35 84 155 585 60 586 513 8 587 
12 588 30 589 12 588 30 590 14 570 261 591 84 353 12 99 
157 39 54 23 41 592 26 40 8 593 180 386 39 54 23 132 59 84 463 35 63 37 580 82 41 196 39 376 59 570 95 66 8 593 39 54 23 91 84 22 570 594 26 477 204 304 482 79 
39 583 259 445 132 104 109 27 593 11 445 198 33 26 264 122 261 
8 593 183 48 489 491 180 
19 63 19 39 210 595 302 122 502 
12 22 27 596 597 
2
169 598 403 147 502 14 599 
600 601 22 84 602 101 7 603 26 8 482 22 604 605 
7
606 607 109 27 173 580 66 233 32 608 459 
147 69 241 476 609 37 610 542 502 82 325 558 325 542 339 26 611 23 147 538 
59 23 238 33 528 593 603 66 546 612 
39 204 613 614 82 12 22 27 377 433 26 613 11 615 502 
269 616 617 244 200 618 
462 619 620 84 22 191 
133 621 622 499 623 
2
2 502 14 2 146 
624 625 14 12 516 30 8 280 14 23 8 626 22 627 628 56 8 549 514 240 241 629 26 630 631 
7
39 504 8 79 632 139 122 633 502 
445 59 60 124 550 24 527 66 122 502 460 
12 22 153 476 625 14 25 26 471 
39 59 60 634 550 11 40 8 593 26 635 51 8 549 514 
12 462 60 124 636 41 11 516 69 593 51 533 35 
637 39 183 638 26 264 633 14 59 26 639 66 8 499 12 462 23 60 27 95 109 40 
39 210 302 122 348 
5
39 640 641 8 502 369 32 122 642 82 59 155 304 378 66 8 593 
12 169 124 34 545 82 8 643 644 445 40 12 445 199 23 645 12 
42 240 646 647 183 648 82 157 39 453 649 26 171 12 650 
39 651 50 205 39 652 8 593 82 44 96 23 160 8 476 32 8 502 
39 453 653 
13
48 186 37 642 655 633 502 503 14 19 39 175 506 22 656 657 516 
122 502 120 560 658 659 260 115 120 497 660 
39 661 27 268 662 663 474 562 542 502 14 8 642 655 664 516 12 30 23 26 665 325 666 558 69 667 66 542 668 
12 669 14 152 492 
670 658 22 27 124 191 671 11 44 672 327 547 656 657 516 
94 95 22 32 673 12 633 14 44 185 26 674 66 27 499 232 175 263 604 675 676 11 44 353 27 677 233 
204 39 54 
82 39 353 32 678 499 24 453 63 133 679 
12 680 51 191 66 37 642 633 476 681 13 682 232 22 683 27 2 460 
39 595 302 8 642 655 502 14 8 2 146 101 136 
137 684 66 124 
392 685 412 
109 686 8 642 22 27 687 349 
4
0 688 689 1 8 224 32 673 14 8 690 63 232 53 332 691 44 40 8 692 689 26 693 261 51 515 14 621 
8 694 695 696 56 8 277 41 241 697 14 8 696 54 23 698 24 44 54 23 59 26 699 66 700 26 701 102 169 
264 122 702 703 704 22 27 705 349 706 27 133 639 20 139 8 85 689 23 26 665 8 707 690 
39 453 48 65 26 56 27 708 709 32 710 703 109 27 368 346 14 0 277 1 43 26 56 37 411 240 711 66 27 240 241 328 712 
3
8 688 689 132 283 192 37 169 693 713 532 
41 107 53 1 27 134 714 53 59 706 115 27 233 32 644 14 566 200 715 27 233 32 318 
39 52 688 65 56 482 348 109 37 716 
3
109 717 104 109 27 712 340 718 710 703 44 185 104 325 719 
41 196 44 48 327 26 720 304 32 8 224 689 84 566 175 264 122 22 8 224 639 7 688 689 39 59 452 721 
196 53 59 23 718 8 146 612 264 19 44 175 265 
4
155 26 264 32 0 11 722 426 39 183 723 183 724 564 
8 689 1 725 14 124 726 683 124 208 14 27 727 433 109 728 26 471 
453 124 729 730 32 8 146 731 63 732 242 364 101 
266 41 733 242 542 146 
5
734 27 702 735 109 110 156 
40 77 689 109 736 32 37 737 738 304 7 691 115 661 27 739 740 
157 39 59 739 740 14 741 742 743 32 77 689 744 14 745 
746 8 322 14 658 32 102 169 
368 644 
10
319 336 32 8 467 739 740 7 747 186 7 530 509 80 57 748 120 382 66 325 95 
749 84 462 452 689 66 570 688 739 740 539 540 208 239 53 1 14 8 2 146 
344 101 750 501 12 27 2 639 751 27 685 467 739 740 
8 689 1 157 412 101 136 752 753 32 750 22 24 54 23 429 26 59 57 63 133 679 8 382 644 
11 39 382 442 57 39 186 336 467 739 740 753 754 606 133 63 692 49 32 421 
246 644 412 39 186 336 467 739 740 34 526 7 63 27 405 467 755 754 546 425 7 756 757 758 526 7 8 759 756 760 8 88 307 756 761 14 8 482 704 116 104 204 27 762 195 763 759 756 14 683 760 8 88 307 756 
764 644 442 39 183 765 39 210 263 299 7 8 338 32 8 442 766 11 8 767 109 8 688 739 740 420 63 23 
108 7 186 259 768 324 155 26 40 304 369 101 8 482 7 26 56 336 133 7 632 53 259 630 51 
200 8 99 8 685 467 688 739 740 689 183 754 124 34 14 183 186 7 747 63 725 679 
11 136 665 685 412 53 769 26 665 8 493 704 411 632 412 
6
39 446 571 26 770 63 304 133 689 24 39 142 8 146 120 475 14 183 771 120 8 146 
609 39 234 122 320 14 84 39 199 18 19 692 689 109 732 242 8 146 32 48 8 336 708 7 24 39 442 8 320 
39 155 567 155 570 132 133 689 14 335 311 132 199 23 263 240 505 772 8 331 773 689 84 39 155 60 40 14 8 688 
774 183 39 390 
39 59 775 24 84 39 54 23 327 26 40 8 610 689 14 50 776 777 26 778 51 703 69 779 24 84 0 689 1 780 
39 54 23 539 540 53 541 26 8 482 781 782 696 689 82 39 54 539 84 39 453 706 51 24 84 39 175 264 304 241 32 0 
2
8 688 739 740 689 1 783 109 784 407 14 702 703 778 51 200 192 8 761 785 
209 39 199 59 139 8 739 740 689 753 32 19 8 77 689 39 786 
5
53 1 27 377 787 541 26 506 8 689 120 788 789 82 545 44 40 57 44 50 539 790 
53 1 783 63 67 99 
11 44 689 66 57 8 404 222 23 511 351 205 8 696 1 782 
14 44 175 18 791 32 689 792 33 32 57 
124 191 277 
15
39 59 27 793 709 32 794 689 
69 249 612 39 59 27 793 709 32 689 386 53 1 331 
795 53 796 26 507 797 14 54 23 169 798 82 53 54 659 169 
609 39 366 8 136 799 109 122 320 32 692 689 14 800 320 51 690 84 39 83 801 259 27 133 802 
8 146 183 492 133 26 803 51 14 
39 453 124 519 39 319 122 361 
8 689 1 133 63 19 99 14 8 320 51 690 50 56 463 346 43 241 798 
8 688 689 59 27 804 14 515 613 805 806 14 8 689 756 1 708 693 14 778 248 
8 320 51 690 176 8 689 63 27 807 29 808 99 696 51 24 44 175 340 102 702 809 779 375 
810 8 320 51 14 693 811 51 515 
122 22 240 711 242 171 26 699 812 813 407 14 814 689 66 336 474 
12 22 815 816 84 44 96 23 59 492 463 689 82 23 817 539 84 44 185 27 708 818 32 689 147 34 
800 7 27 819 530 62 84 264 27 694 818 32 820 689 84 50 425 736 346 14 27 173 320 32 560 322 689 109 821 169 270 169 33 34 
84 22 8 807 39 376 23 592 82 234 822 63 14 12 169 33 34 109 115 7 27 112 32 823 824 346 
39 132 91 122 320 22 659 27 251 109 19 825 
9
39 139 122 101 136 14 132 218 12 22 27 2 639 109 8 566 
39 59 40 12 826 14 12 169 124 133 
44 132 218 237 7 8 827 69 828 12 22 40 196 40 298 
44 251 40 12 298 109 102 829 
12 488 830 66 19 44 831 210 185 
44 251 504 8 832 833 14 621 12 298 109 237 40 
12 22 27 251 109 18 7 102 827 14 22 27 124 133 834 109 8 566 
102 569 835 7 122 128 14 817 836 40 7 196 7 27 827 298 
18 12 
9
59 27 173 837 14 838 39 376 23 327 26 92 839 109 27 840 13 502 
39 139 122 128 14 109 13 12 460 841 
39 59 40 12 109 480 101 467 26 467 842 14 12 843 8 844 845 846 
25 26 40 65 29 51 
39 234 822 299 27 847 208 239 622 499 7 27 267 848 849 29 850 8 556 703 
11 12 13 39 48 851 14 43 
44 175 664 852 102 13 273 33 
39 59 27 493 660 14 39 218 325 853 11 40 122 393 
39 59 26 854 39 567 40 12 109 27 855 82 147 856 109 13 12 22 27 857 857 
3
122 273 169 2 
39 59 94 155 8 447 26 40 12 545 82 12 183 208 103 13 14 122 273 858 859 
12 860 13 846 75 37 660 517 
3
725 277 
325 241 861 
8 94 261 711 22 26 329 255 591 26 273 
12
40 12 109 467 32 103 13 23 19 120 545 39 198 33 14 273 67 644 13 862 467 
651 224 94 109 173 837 14 863 
482 707 864 865 866 12 94 273 867 232 175 488 660 26 102 868 869 27 870 
12 871 23 471 751 467 32 13 570 249 242 27 872 273 
39 376 23 873 526 26 12 369 147 482 874 
44 251 875 8 471 876 26 877 772 13 14 855 568 79 251 59 760 122 369 
44 175 878 8 879 880 32 8 613 471 12 183 432 109 881 
8 855 603 183 23 570 249 242 27 872 855 
39 501 51 109 8 398 32 178 882 200 878 8 883 32 540 39 273 
386 39 183 567 33 241 84 884 39 567 885 886 32 314 476 499 
7 321 39 91 12 183 27 124 133 834 
12 887 37 273 644 14 204 255 665 12 888 8 889 32 273 
1
890 169 249 242 429 186 12 891 242 429 210 54 892 893 44 650 
2
59 23 40 8 894 612 82 222 489 725 411 7 8 13 
25 26 471 476 14 162 395 
1
122 22 27 2 123 124 125 109 12 126 124 127 27 2 128 129 
3
122 130 131 22 132 124 133 107 12 27 134 135 120 136 
137 39 138 12 42 139 
140 141 142 143 144 109 27 145 146 
3
122 7 22 48 147 125 147 8 148 130 149 14 22 150 151 14 152 
153 154 
39 59 155 7 109 110 156 157 14 12 22 158 159 27 160 63 8 21 14 63 37 161 
4
39 40 122 162 109 156 11 39 163 164 165 66 166 167 168 
12 169 33 170 11 171 26 172 27 173 174 
44 175 176 12 63 102 177 26 178 12 22 162 69 40 8 179 180 
181 99 12 22 173 126 14 182 183 184 116 39 185 
9
11 37 38 186 122 147 27 187 
39 188 189 12 101 190 
12 22 191 14 162 14 44 175 192 12 63 102 193 69 63 8 194 195 63 8 21 
196 102 197 198 33 44 199 40 12 26 87 200 
48 201 
8 162 202 22 124 203 
39 204 122 126 205 8 206 14 207 126 1 124 208 
39 209 53 210 211 51 212 213 8 214 215 216 
12 217 115 8 72 218 147 219 220 7 27 221 222 
1
63 223 122 22 8 224 128 26 225 226 227 109 162 14 26 45 228 69 229 
7
59 40 8 230 231 232 39 204 27 233 39 234 8 235 231 236 237 14 238 12 33 
12 22 124 208 239 14 176 240 241 242 230 
8 243 22 25 26 244 245 246 14 12 22 124 247 248 
39 204 12 249 242 8 230 250 44 251 35 8 252 253 63 26 254 12 
255 199 45 12 
8 230 222 23 256 232 257 258 259 260 
19 261 262 39 50 263 264 8 235 231 63 8 140 
6
196 39 199 265 12 39 155 18 7 109 266 32 37 267 268 
269 39 270 185 27 271 69 272 69 273 82 274 8 275 275 22 276 8 94 277 39 245 278 26 279 14 280 
127 281 282 283 284 33 285 280 69 286 27 287 41 63 288 289 69 290 
8 291 292 22 2 109 293 294 295 279 
14 8 296 297 283 115 298 299 300 14 301 
7 261 39 155 302 84 22 60 132 283 109 115 22 26 303 304 305 306 307 308 309 8 287 24 84 44 54 23 310 12 63 8 17 311 312 83 263 304 313 69 314 315 316 33 41 196 44 317 8 275 275 200 318 
2
39 319 122 320 32 277 11 12 183 7 321 
8 322 22 323 82 109 12 146 12 22 324 27 325 326 26 264 
4
196 39 327 328 322 277 39 50 329 109 12 
196 39 327 212 330 14 331 26 40 11 8 332 32 37 277 1 63 333 122 22 334 
39 335 39 312 40 336 337 338 20 27 156 109 244 8 339 14 340 8 341 342 109 343 344 122 222 124 191 
210 23 40 109 345 346 82 109 8 347 40 12 334 
1
122 348 22 24 2 24 66 8 146 12 27 2 349 14 24 350 351 8 352 14 63 37 21 
3
39 353 122 147 27 354 11 39 319 8 355 356 357 358 105 359 360 243 361 7 27 362 27 363 364 365 
8 366 169 2 109 367 33 27 368 369 32 37 352 26 263 370 371 372 373 374 375 
39 376 59 27 377 378 66 8 379 14 380 381 120 382 383 48 171 26 192 384 32 8 381 82 157 59 261 19 335 33 14 12 169 2 
2
39 183 27 377 385 386 32 8 387 80 379 244 82 388 84 389 183 390 
122 183 25 26 391 392 14 8 224 393 39 199 59 139 
3
8 394 22 27 377 152 395 242 27 396 397 82 222 23 398 399 
39 59 40 12 27 233 54 304 400 401 402 403 404 405 258 373 406 407 14 408 409 410 77 
12 376 27 2 411 
3
412 26 413 26 263 414 
128 183 415 147 416 
199 417 114 109 249 418 
4
8 94 419 183 8 277 420 63 27 421 195 422 242 27 423 424 425 426 109 427 26 14 101 8 411 
382 40 428 26 263 184 116 39 429 101 430 
8 277 22 208 431 26 283 432 433 402 434 435 1 240 436 242 372 82 162 431 26 437 109 438 40 
439 440 441 
2
442 122 128 183 124 25 14 12 443 444 
445 446 353 27 447 26 40 12 26 402 448 109 449 450 445 1 451 51 12 402 8 411 63 
5
12 22 8 224 366 84 39 59 452 40 
39 453 40 26 40 454 366 14 455 366 
456 8 457 366 22 458 
39 453 40 122 26 402 459 408 77 14 208 404 
8 460 32 122 366 22 461 
3
25 26 40 14 462 463 464 
39 40 12 26 465 304 173 459 14 12 402 466 467 468 66 325 95 
12 222 23 469 147 240 27 470 366 14 24 12 22 25 26 471 11 472 27 473 40 7 474 26 402 8 468 
5
27 377 475 7 476 82 39 96 23 477 478 12 376 23 479 115 480 82 8 481 7 8 482 277 39 319 483 484 485 481 120 486 487 69 475 
191 84 12 488 66 489 490 32 491 379 
492 493 494 430 56 19 495 277 63 496 
329 27 377 241 14 18 27 497 
498 499 500 397 501 63 8 40 
10
39 442 122 502 503 42 504 463 79 7 463 505 502 
39 251 506 84 12 22 54 489 458 411 122 507 
445 59 463 508 459 14 39 183 509 80 510 122 507 
8 502 22 476 431 26 511 512 35 513 27 514 
12 515 516 75 8 517 518 87 14 290 87 
8 503 369 169 34 14 39 453 519 26 59 8 408 520 379 147 39 347 503 51 173 521 522 14 523 524 525 66 33 526 26 8 379 24 527 
8 528 529 530 263 531 66 532 35 82 39 62 8 533 69 324 534 35 94 528 26 27 529 324 23 493 39 27 40 8 35 109 528 14 535 536 
39 59 23 155 27 537 95 66 8 379 
12 22 27 377 538 54 23 539 540 12 541 26 27 542 7 14 543 544 14 27 134 208 545 8 546 22 547 82 84 22 8 548 32 549 510 
39 453 550 551 52 12 169 34 71 8 16 
4
39 319 122 147 27 502 39 54 23 552 7 40 8 482 553 
8 393 22 124 476 241 242 37 554 542 502 
8 499 175 263 27 555 82 122 22 8 146 44 329 109 23 59 26 264 542 14 263 61 26 516 33 102 556 557 8 558 
274 39 132 204 8 559 32 40 14 12 22 560 476 
13
42 27 68 32 561 474 562 502 7 8 563 564 39 420 26 8 565 84 122 22 8 224 474 502 566 199 264 
39 59 567 40 568 474 502 63 37 569 24 39 175 23 541 26 570 568 502 82 39 251 506 39 453 324 124 203 
24 39 571 26 572 51 8 573 14 245 8 122 502 33 109 27 574 87 
39 199 23 575 8 576 32 476 122 577 462 
39 578 12 309 37 579 580 14 
39 155 23 138 540 463 35 259 581 343 37 582 101 108 156 
39 583 122 261 183 516 33 584 35 84 155 585 60 586 513 8 587 
12 588 30 589 12 588 30 590 14 570 261 591 84 353 12 99 
157 39 54 23 41 592 26 40 8 593 180 386 39 54 23 132 59 84 463 35 63 37 580 82 41 196 39 376 59 570 95 66 8 593 39 54 23 91 84 22 570 594 26 477 204 304 482 79 
39 583 259 445 132 104 109 27 593 11 445 198 33 26 264 122 261 
8 593 183 48 489 491 180 
19 63 19 39 210 595 302 122 502 
12 22 27 596 597 
2
169 598 403 147 502 14 599 
600 601 22 84 602 101 7 603 26 8 482 22 604 605 
7
606 607 109 27 173 580 66 233 32 608 459 
147 69 241 476 609 37 610 542 502 82 325 558 325 542 339 26 611 23 147 538 
59 23 238 33 528 593 603 66 546 612 
39 204 613 614 82 12 22 27 377 433 26 613 11 615 502 
269 616 617 244 200 618 
462 619 620 84 22 191 
133 621 622 499 623 
2
2 502 14 2 146 
624 625 14 12 516 30 8 280 14 23 8 626 22 627 628 56 8 549 514 240 241 629 26 630 631 
7
39 504 8 79 632 139 122 633 502 
445 59 60 124 550 24 527 66 122 502 460 
12 22 153 476 625 14 25 26 471 
39 59 60 634 550 11 40 8 593 26 635 51 8 549 514 
12 462 60 124 636 41 11 516 69 593 51 533 35 
637 39 183 638 26 264 633 14 59 26 639 66 8 499 12 462 23 60 27 95 109 40 
39 210 302 122 348 
5
39 640 641 8 502 369 32 122 642 82 59 155 304 378 66 8 593 
12 169 124 34 545 82 8 643 644 445 40 12 445 199 23 645 12 
42 240 646 647 183 648 82 157 39 453 649 26 171 12 650 
39 651 50 205 39 652 8 593 82 44 96 23 160 8 476 32 8 502 
39 453 653 
13
48 186 37 642 655 633 502 503 14 19 39 175 506 22 656 657 516 
122 502 120 560 658 659 260 115 120 497 660 
39 661 27 268 662 663 474 562 542 502 14 8 642 655 664 516 12 30 23 26 665 325 666 558 69 667 66 542 668 
12 669 14 152 492 
670 658 22 27 124 191 671 11 44 672 327 547 656 657 516 
94 95 22 32 673 12 633 14 44 185 26 674 66 27 499 232 175 263 604 675 676 11 44 353 27 677 233 
204 39 54 
82 39 353 32 678 499 24 453 63 133 679 
12 680 51 191 66 37 642 633 476 681 13 682 232 22 683 27 2 460 
39 595 302 8 642 655 502 14 8 2 146 101 136 
137 684 66 124 
392 685 412 
109 686 8 642 22 27 687 349 
5
0 1 2 3 4 
5 6 7 8 9 10 11 12 13 14 8 15 14 16 17 18 19 20 8 21 12 22 23 24 25 26 18 26 27 21 28 29 30 31 7 32 0 33 14 12 3 24 34 14 35 27 2 36 
37 38 14 39 40 0 41 42 43 26 27 21 28 11 44 45 46 47 48 49 50 3 12 19 51 
39 52 53 54 23 55 56 57 
58 59 23 60 61 26 62 57 63 8 64 
6
0 1 2 
44 65 33 66 27 3 21 14 67 68 69 24 44 70 12 14 4 12 71 66 7 32 0 41 40 8 72 4 26 73 8 74 70 75 76 14 77 
8 78 79 22 29 80 8 81 82 39 83 54 84 85 86 
39 87 27 88 89 21 14 90 91 39 92 93 7 8 21 
8 94 95 
39 96 23 62 97 98 
3
0 4 1 27 2 99 26 100 70 101 102 21 14 35 27 103 104 26 8 105 54 23 40 57 7 8 106 107 
8 36 108 109 110 111 14 27 112 32 113 59 114 115 116 117 32 118 39 40 7 37 21 
11 39 119 57 39 59 23 60 118 8 21 53 104 120 115 121 
4
0 688 689 1 8 224 32 673 14 8 690 63 232 53 332 691 44 40 8 692 689 26 693 261 51 515 14 621 
8 694 695 696 56 8 277 41 241 697 14 8 696 54 23 698 24 44 54 23 59 26 699 66 700 26 701 102 169 
264 122 702 703 704 22 27 705 349 706 27 133 639 20 139 8 85 689 23 26 665 8 707 690 
39 453 48 65 26 56 27 708 709 32 710 703 109 27 368 346 14 0 277 1 43 26 56 37 411 240 711 66 27 240 241 328 712 
3
8 688 689 132 283 192 37 169 693 713 532 
41 107 53 1 27 134 714 53 59 706 115 27 233 32 644 14 566 200 715 27 233 32 318 
39 52 688 65 56 482 348 109 37 716 
3
109 717 104 109 27 712 340 718 710 703 44 185 104 325 719 
41 196 44 48 327 26 720 304 32 8 224 689 84 566 175 264 122 22 8 224 639 7 688 689 39 59 452 721 
196 53 59 23 718 8 146 612 264 19 44 175 265 
4
155 26 264 32 0 11 722 426 39 183 723 183 724 564 
8 689 1 725 14 124 726 683 124 208 14 27 727 433 109 728 26 471 
453 124 729 730 32 8 146 731 63 732 242 364 101 
266 41 733 242 542 146 
5
734 27 702 735 109 110 156 
40 77 689 109 736 32 37 737 738 304 7 691 115 661 27 739 740 
157 39 59 739 740 14 741 742 743 32 77 689 744 14 745 
746 8 322 14 658 32 102 169 
368 644 
10
319 336 32 8 467 739 740 7 747 186 7 530 509 80 57 748 120 382 66 325 95 
749 84 462 452 689 66 570 688 739 740 539 540 208 239 53 1 14 8 2 146 
344 101 750 501 12 27 2 639 751 27 685 467 739 740 
8 689 1 157 412 101 136 752 753 32 750 22 24 54 23 429 26 59 57 63 133 679 8 382 644 
11 39 382 442 57 39 186 336 467 739 740 753 754 606 133 63 692 49 32 421 
246 644 412 39 186 336 467 739 740 34 526 7 63 27 405 467 755 754 546 425 7 756 757 758 526 7 8 759 756 760 8 88 307 756 761 14 8 482 704 116 104 204 27 762 195 763 759 756 14 683 760 8 88 307 756 
764 644 442 39 183 765 39 210 263 299 7 8 338 32 8 442 766 11 8 767 109 8 688 739 740 420 63 23 
108 7 186 259 768 324 155 26 40 304 369 101 8 482 7 26 56 336 133 7 632 53 259 630 51 
200 8 99 8 685 467 688 739 740 689 183 754 124 34 14 183 186 7 747 63 725 679 
11 136 665 685 412 53 769 26 665 8 493 704 411 632 412 
6
39 446 571 26 770 63 304 133 689 24 39 142 8 146 120 475 14 183 771 120 8 146 
609 39 234 122 320 14 84 39 199 18 19 692 689 109 732 242 8 146 32 48 8 336 708 7 24 39 442 8 320 
39 155 567 155 570 132 133 689 14 335 311 132 199 23 263 240 505 772 8 331 773 689 84 39 155 60 40 14 8 688 
774 183 39 390 
39 59 775 24 84 39 54 23 327 26 40 8 610 689 14 50 776 777 26 778 51 703 69 779 24 84 0 689 1 780 
39 54 23 539 540 53 541 26 8 482 781 782 696 689 82 39 54 539 84 39 453 706 51 24 84 39 175 264 304 241 32 0 
2
8 688 739 740 689 1 783 109 784 407 14 702 703 778 51 200 192 8 761 785 
209 39 199 59 139 8 739 740 689 753 32 19 8 77 689 39 786 
5
53 1 27 377 787 541 26 506 8 689 120 788 789 82 545 44 40 57 44 50 539 790 
53 1 783 63 67 99 
11 44 689 66 57 8 404 222 23 511 351 205 8 696 1 782 
14 44 175 18 791 32 689 792 33 32 57 
124 191 277 
15
39 59 27 793 709 32 794 689 
69 249 612 39 59 27 793 709 32 689 386 53 1 331 
795 53 796 26 507 797 14 54 23 169 798 82 53 54 659 169 
609 39 366 8 136 799 109 122 320 32 692 689 14 800 320 51 690 84 39 83 801 259 27 133 802 
8 146 183 492 133 26 803 51 14 
39 453 124 519 39 319 122 361 
8 689 1 133 63 19 99 14 8 320 51 690 50 56 463 346 43 241 798 
8 688 689 59 27 804 14 515 613 805 806 14 8 689 756 1 708 693 14 778 248 
8 320 51 690 176 8 689 63 27 807 29 808 99 696 51 24 44 175 340 102 702 809 779 375 
810 8 320 51 14 693 811 51 515 
122 22 240 711 242 171 26 699 812 813 407 14 814 689 66 336 474 
12 22 815 816 84 44 96 23 59 492 463 689 82 23 817 539 84 44 185 27 708 818 32 689 147 34 
800 7 27 819 530 62 84 264 27 694 818 32 820 689 84 50 425 736 346 14 27 173 320 32 560 322 689 109 821 169 270 169 33 34 
84 22 8 807 39 376 23 592 82 234 822 63 14 12 169 33 34 109 115 7 27 112 32 823 824 346 
39 132 91 122 320 22 659 27 251 109 19 825 
9
39 139 122 101 136 14 132 218 12 22 27 2 639 109 8 566 
39 59 40 12 826 14 12 169 124 133 
44 132 218 237 7 8 827 69 828 12 22 40 196 40 298 
44 251 40 12 298 109 102 829 
12 488 830 66 19 44 831 210 185 
44 251 504 8 832 833 14 621 12 298 109 237 40 
12 22 27 251 109 18 7 102 827 14 22 27 124 133 834 109 8 566 
102 569 835 7 122 128 14 817 836 40 7 196 7 27 827 298 
18 12 
9
59 27 173 837 14 838 39 376 23 327 26 92 839 109 27 840 13 502 
39 139 122 128 14 109 13 12 460 841 
39 59 40 12 109 480 101 467 26 467 842 14 12 843 8 844 845 846 
25 26 40 65 29 51 
39 234 822 299 27 847 208 239 622 499 7 27 267 848 849 29 850 8 556 703 
11 12 13 39 48 851 14 43 
44 175 664 852 102 13 273 33 
39 59 27 493 660 14 39 218 325 853 11 40 122 393 
39 59 26 854 39 567 40 12 109 27 855 82 147 856 109 13 12 22 27 857 857 
3
122 273 169 2 
39 59 94 155 8 447 26 40 12 545 82 12 183 208 103 13 14 122 273 858 859 
12 860 13 846 75 37 660 517 
3
725 277 
325 241 861 
8 94 261 711 22 26 329 255 591 26 273 
12
40 12 109 467 32 103 13 23 19 120 545 39 198 33 14 273 67 644 13 862 467 
651 224 94 109 173 837 14 863 
482 707 864 865 866 12 94 273 867 232 175 488 660 26 102 868 869 27 870 
12 871 23 471 751 467 32 13 570 249 242 27 872 273 
39 376 23 873 526 26 12 369 147 482 874 
44 251 875 8 471 876 26 877 772 13 14 855 568 79 251 59 760 122 369 
44 175 878 8 879 880 32 8 613 471 12 183 432 109 881 
8 855 603 183 23 570 249 242 27 872 855 
39 501 51 109 8 398 32 178 882 200 878 8 883 32 540 39 273 
386 39 183 567 33 241 84 884 39 567 885 886 32 314 476 499 
7 321 39 91 12 183 27 124 133 834 
12 887 37 273 644 14 204 255 665 12 888 8 889 32 273 
1
890 169 249 242 429 186 12 891 242 429 210 54 892 893 44 650 
2
59 23 40 8 894 612 82 222 489 725 411 7 8 13 
25 26 471 476 14 162 395 
4
8 482 895 12 51 
331 369 433 26 613 
451 102 566 896 8 897 898 753 
479 241 82 240 249 712 
1
39 319 122 128 66 8 802 32 706 644 12 169 2 738 39 899 12 232 183 80 900 93 513 8 111 8 901 501 902 76 84 903 8 904 905 20 157 147 44 175 906 12 35 27 907 908 753 32 27 191 909 7 39 453 124 910 66 8 322 32 122 348 14 210 23 264 568 7 
5
39 183 132 104 867 26 18 122 277 14 706 304 644 
12 911 419 115 
12 183 124 424 26 613 26 8 29 912 32 402 14 753 32 40 27 913 26 402 8 904 12 40 27 914 32 124 331 902 76 26 915 
41 11 446 320 26 8 29 912 32 402 8 76 916 19 20 8 299 35 27 907 402 
12 917 204 27 133 802 82 39 918 39 312 59 26 56 37 786 26 18 12 26 169 29 
2
8 366 222 23 488 66 27 426 14 44 59 26 40 27 380 381 26 244 8 379 
109 27 377 241 566 44 199 18 27 366 66 27 426 14 413 919 26 244 8 379 
5
39 40 12 80 644 63 156 14 12 376 8 411 34 
40 12 147 502 14 920 14 183 606 921 66 8 712 
922 157 12 923 204 924 925 39 40 12 
39 758 12 51 8 482 111 14 12 104 8 204 926 927 1 217 51 
23 489 928 277 82 12 836 59 108 241 242 156 32 162 40 
4
376 23 13 612 24 39 54 23 539 929 12 210 169 109 13 273 82 109 930 17 101 37 863 14 837 12 22 931 932 
157 39 59 26 264 27 933 855 26 54 84 411 
934 935 122 22 27 512 424 26 936 424 26 937 277 84 54 240 732 411 242 429 
595 23 302 
12
39 453 23 318 8 348 39 453 79 6 
40 122 273 884 67 111 14 44 312 160 938 
12 22 240 939 242 37 940 307 273 
941 942 943 44 155 91 8 471 836 263 944 660 713 44 260 8 273 867 945 946 39 52 
8 471 185 26 947 948 24 84 8 511 369 949 8 425 175 18 63 950 66 8 13 14 273 12 
44 96 23 260 11 8 471 22 948 753 311 22 27 951 471 952 232 44 1 953 26 40 26 659 31 8 273 867 
84 22 44 1 954 955 8 273 386 12 882 867 176 8 948 471 66 7 474 14 31 8 482 471 867 14 30 101 44 
153 942 
63 536 26 132 169 102 956 740 44 312 218 555 63 102 957 958 14 959 960 23 26 665 8 145 660 
8 13 882 806 618 22 124 961 14 962 
27 377 963 50 516 8 334 13 964 63 102 868 
26 965 26 8 667 122 261 882 867 23 26 8 951 14 39 312 35 12 51 26 44 26 906 8 966 32 84 
4
8 482 895 12 51 
331 369 433 26 613 
451 102 566 896 8 897 898 753 
479 241 82 240 249 712 
1
39 319 122 128 66 8 802 32 706 644 12 169 2 738 39 899 12 232 183 80 900 93 513 8 111 8 901 501 902 76 84 903 8 904 905 20 157 147 44 175 906 12 35 27 907 908 753 32 27 191 909 7 39 453 124 910 66 8 322 32 122 348 14 210 23 264 568 7 
5
39 183 132 104 867 26 18 122 277 14 706 304 644 
12 911 419 115 
12 183 124 424 26 613 26 8 29 912 32 402 14 753 32 40 27 913 26 402 8 904 12 40 27 914 32 124 331 902 76 26 915 
41 11 446 320 26 8 29 912 32 402 8 76 916 19 20 8 299 35 27 907 402 
12 917 204 27 133 802 82 39 918 39 312 59 26 56 37 786 26 18 12 26 169 29 
2
8 366 222 23 488 66 27 426 14 44 59 26 40 27 380 381 26 244 8 379 
109 27 377 241 566 44 199 18 27 366 66 27 426 14 413 919 26 244 8 379 
5
39 40 12 80 644 63 156 14 12 376 8 411 34 
40 12 147 502 14 920 14 183 606 921 66 8 712 
922 157 12 923 204 924 925 39 40 12 
39 758 12 51 8 482 111 14 12 104 8 204 926 927 1 217 51 
23 489 928 277 82 12 836 59 108 241 242 156 32 162 40 
4
376 23 13 612 24 39 54 23 539 929 12 210 169 109 13 273 82 109 930 17 101 37 863 14 837 12 22 931 932 
157 39 59 26 264 27 933 855 26 54 84 411 
934 935 122 22 27 512 424 26 936 424 26 937 277 84 54 240 732 411 242 429 
595 23 302 
12
39 453 23 318 8 348 39 453 79 6 
40 122 273 884 67 111 14 44 312 160 938 
12 22 240 939 242 37 940 307 273 
941 942 943 44 155 91 8 471 836 263 944 660 713 44 260 8 273 867 945 946 39 52 
8 471 185 26 947 948 24 84 8 511 369 949 8 425 175 18 63 950 66 8 13 14 273 12 
44 96 23 260 11 8 471 22 948 753 311 22 27 951 471 952 232 44 1 953 26 40 26 659 31 8 273 867 
84 22 44 1 954 955 8 273 386 12 882 867 176 8 948 471 66 7 474 14 31 8 482 471 867 14 30 101 44 
153 942 
63 536 26 132 169 102 956 740 44 312 218 555 63 102 957 958 14 959 960 23 26 665 8 145 660 
8 13 882 806 618 22 124 961 14 962 
27 377 963 50 516 8 334 13 964 63 102 868 
26 965 26 8 667 122 261 882 867 23 26 8 951 14 39 312 35 12 51 26 44 26 906 8 966 32 84 
